# Goal
# 1333234800 8000

1326668400 0
1327014000 304
1327878000 511
1328396400 645
1329001200 755
1329217610 889
1329217625 889
1329330799 897
1329830209 1384
1329833102 1611
1329833339 1611
1329847502 1611
1329851102 1611
1329854702 1611
1329858301 1611
1329894301 1611
1329897902 1611
1329900588 1695
1329901501 1718
1329901780 1769
1329902323 1787
1329902952 1868
1329905101 1887
1329905961 1929
1329906192 1929
1329906316 1929
1329907079 1926
1329908701 2058
1329909222 2090
1329924735 2090
1329930302 2090
1329933901 2090
1329937134 2090
1329937502 2090
1329941101 2090
1329942408 2090
1329984301 2090
1329991501 2090
1329995101 2090
1330002359 2090
1330005901 2090
1330009501 2090
1330013101 2090
1330023902 2090
1330027502 2090
1330067143 2090
1330070702 2090
1330073797 2090
1330074302 2115
1330076637 2171
1330076706 2171
1330077902 2171
